elCentro 0.02 1560 1
00006L 0.01 4001 1
00006T 0.01 4001 1
00012L 0.005 13998 1
00012T 0.005 13998 1
00015L 0.01 5417 1
00015T 0.01 5417 1
00028L 0.01 4412 1
00028T 0.01 4412 1
00029L 0.01 4370 1
00030L 0.01 4393 1
00030T 0.01 4393 1
00031L 0.01 2613 1
00031T 0.01 2613 1
00032L 0.01 1601 1
00032T 0.01 1601 1
00033L 0.01 3034 1
00033T 0.01 3034 1
00036L 0.01 4001 1
00036T 0.01 4001 1
00037L 0.005 10088 1
00037T 0.005 10088 1
00038L 0.005 10368 1
00038T 0.005 10368 1
00040L 0.005 8001 1
00040T 0.005 8001 1
00051L 0.005 14036 1
00051T 0.005 14036 1
00053L 0.005 7998 1
00053T 0.005 7998 1
00054L 0.005 5125 1
00054T 0.005 5125 1
00055L 0.005 5328 1
00055T 0.005 5328 1
00058L 0.005 2786 1
00058T 0.005 2786 1
00059L 0.01 1467 1
00059T 0.01 1467 1
00060L 0.005 5892 1
00060T 0.005 5892 1
00061L 0.005 6117 1
00061T 0.005 6117 1
00062L 0.005 1902 1
00062T 0.005 1902 1
00064L 0.005 2076 1
00064T 0.005 2076 1
00065L 0.005 1846 1
00065T 0.005 1846 1
00067L 0.005 8484 1
00067T 0.005 8484 1
00068L 0.01 2801 1
00068T 0.01 2801 1
00069L 0.005 15998 1
00069T 0.005 15998 1
00074L 0.005 7195 1
00074T 0.005 7195 1
00075L 0.005 5899 1
00075T 0.005 5899 1
00076L 0.005 5249 1
00076T 0.005 5249 1
00081L 0.01 2727 1
00081T 0.01 2727 1
00084L 0.005 5547 1
00084T 0.005 5547 1
00086L 0.005 5601 1
00086T 0.005 5601 1
00087L 0.01 2967 1
00087T 0.01 2967 1
00088L 0.005 7998 1
00088T 0.005 7998 1
00089L 0.01 1256 1
00089T 0.01 1256 1
00090L 0.005 5601 1
00090T 0.005 5601 1
00092L 0.005 5949 1
00092T 0.005 5949 1
00093L 0.005 7998 1
00093T 0.005 7998 1
00094L 0.005 3989 1
00094T 0.005 3989 1
00095L 0.01 2600 1
00095T 0.01 2600 1
00121L 0.005 3310 1
00121T 0.005 3310 1
00122L 0.005 7987 1
00122T 0.005 7987 1
00124L 0.005 4684 1
00124T 0.005 4684 1
00125L 0.005 7270 1
00125T 0.005 7270 1
00126L 0.005 3254 1
00126T 0.005 3254 1
00131L 0.005 6706 1
00131T 0.005 6706 1
00133L 0.005 3292 1
00133T 0.005 3292 1
00135L 0.01 1158 1
00135T 0.01 1158 1
00136L 0.01 1259 1
00136T 0.01 1259 1
00137L 0.02 1971 1
00137T 0.02 1971 1
00138L 0.02 1751 1
00138T 0.02 1751 1
00139L 0.02 1193 1
00139T 0.02 1193 1
00140L 0.02 2001 1
00140T 0.02 2001 1
00141L 0.02 1651 1
00141T 0.02 1651 1
00142L 0.02 2001 1
00142T 0.02 2001 1
00143L 0.02 1643 1
00143T 0.02 1643 1
00145L 0.005 5765 1
00145T 0.005 5765 1
00146L 0.005 5367 1
00146T 0.005 5367 1
00147L 0.005 5373 1
00147T 0.005 5373 1
00148L 0.005 5362 1
00148T 0.005 5362 1
00149L 0.005 5438 1
00149T 0.005 5438 1
00150L 0.005 5420 1
00150T 0.005 5420 1
00151L 0.005 8001 1
00151T 0.005 8001 1
00153L 0.005 5367 1
00153T 0.005 5367 1
00154L 0.005 5693 1
00154T 0.005 5693 1
00158L 0.01 1116 1
00158T 0.01 1116 1
00159L 0.01 2837 1
00159T 0.01 2837 1
00160L 0.005 7522 1
00160T 0.005 7522 1
00161L 0.005 7565 1
00161T 0.005 7565 1
00162L 0.005 7562 1
00162T 0.005 7562 1
00163L 0.005 7906 1
00163T 0.005 7906 1
00164L 0.01 6375 1
00164T 0.01 6375 1
00165L 0.01 4001 1
00165T 0.01 4001 1
00166L 0.005 5707 1
00166T 0.005 5707 1
00167L 0.01 3601 1
00167T 0.01 3601 1
00168L 0.005 8001 1
00169L 0.01 9993 1
00169T 0.01 9993 1
00170L 0.005 7998 1
00170T 0.005 7998 1
00171L 0.005 7998 1
00171T 0.005 7998 1
00172L 0.005 7808 1
00172T 0.005 7808 1
00173L 0.005 7396 1
00173T 0.005 7396 1
00174L 0.005 7808 1
00174T 0.005 7808 1
00175L 0.005 7803 1
00175T 0.005 7803 1
00176L 0.005 7902 1
00176T 0.005 7902 1
00177L 0.005 7905 1
00178L 0.005 7910 1
00178T 0.005 7910 1
00179L 0.005 7801 1
00179T 0.005 7801 1
00180L 0.005 7858 1
00180T 0.005 7858 1
00181L 0.005 7808 1
00181T 0.005 7808 1
00182L 0.005 7365 1
00182T 0.005 7365 1
00183L 0.005 7513 1
00183T 0.005 7513 1
00184L 0.005 7793 1
00184T 0.005 7793 1
00185L 0.005 7550 1
00185T 0.005 7550 1
00186L 0.005 7998 1
00186T 0.005 7998 1
00187L 0.005 7867 1
00187T 0.005 7867 1
00188L 0.005 3750 1
00188T 0.005 3750 1
00189L 0.01 1572 1
00189T 0.01 1572 1
00190L 0.005 5657 1
00190T 0.005 5657 1
00191L 0.005 8001 1
00191T 0.005 8001 1
00192L 0.005 7998 1
00192T 0.005 7998 1
00230L 0.005 5992 1
00230T 0.005 5992 1
00231L 0.005 5992 1
00231T 0.005 5992 1
00265L 0.01 2446 1
00265T 0.01 2446 1
00266L 0.01 2693 1
00266T 0.01 2693 1
00267L 0.01 4401 1
00268L 0.01 1559 1
00268T 0.01 1559 1
00269L 0.01 1835 1
00269T 0.01 1835 1
00283L 0.0029 8503 1
00283T 0.0029 8503 1
00284L 0.0029 11825 1
00284T 0.0029 11825 1
00285L 0.0029 12713 1
00285T 0.0029 12713 1
00286L 0.0029 13193 1
00286T 0.0029 13193 1
00288L 0.0029 12065 1
00288T 0.0029 12065 1
00289L 0.0024 14673 1
00289T 0.0024 14673 1
00290L 0.0029 14713 1
00290T 0.0029 14713 1
00292L 0.0024 16393 1
00292T 0.0024 16393 1
00293L 0.0029 18217 1
00293T 0.0029 18217 1
00294L 0.0029 11001 1
00294T 0.0029 11001 1
00295L 0.0029 11025 1
00295T 0.0029 11025 1
00296L 0.0029 14494 1
00296T 0.0029 14489 1
00297L 0.0029 12998 1
00297T 0.0029 12998 1
00299L 0.0029 15029 1
00299T 0.0029 15029 1
00300L 0.0024 20627 1
00300T 0.0024 20627 1
00302L 0.0029 16004 1
00302T 0.0029 16004 1
00303L 0.0024 12609 1
00303T 0.0024 12609 1
00313L 0.01 4133 1
00313T 0.01 4095 1
00315L 0.005 8001 1
00315T 0.005 8001 1
00316L 0.005 8001 1
00316T 0.005 8001 1
00317L 0.005 5750 1
00317T 0.005 5750 1
00319L 0.005 8001 1
00319T 0.005 8001 1
00322L 0.01 4001 1
00322T 0.01 4001 1
00323L 0.01 4001 1
00323T 0.01 4001 1
00324L 0.01 4001 1
00324T 0.01 4001 1
00326L 0.01 4001 1
00326T 0.01 4001 1
00327L 0.01 4001 1
00327T 0.01 4001 1
00328L 0.01 4001 1
00328T 0.01 4001 1
00329L 0.01 3201 1
00329T 0.01 3201 1
00330L 0.01 4001 1
00330T 0.01 4001 1
00331L 0.01 4001 1
00331T 0.01 4001 1
00334L 0.01 4001 1
00334T 0.01 4001 1
00335L 0.01 4001 1
00335T 0.01 4001 1
00336L 0.01 4001 1
00336T 0.01 4001 1
00337L 0.01 4001 1
00337T 0.01 4001 1
00338L 0.01 4001 1
00338T 0.01 4001 1
00339L 0.01 4001 1
00339T 0.01 4001 1
00340L 0.01 4001 1
00340T 0.01 4001 1
00341L 0.01 4001 1
00341T 0.01 4001 1
00342L 0.01 4001 1
00342T 0.01 4001 1
00343L 0.01 4001 1
00343T 0.01 4001 1
00344L 0.01 4001 1
00344T 0.01 4001 1
00345L 0.01 4001 1
00345T 0.01 4001 1
00346L 0.01 4001 1
00346T 0.01 4001 1
00347L 0.01 3201 1
00347T 0.01 3201 1
00348L 0.01 4001 1
00348T 0.01 4001 1
00349L 0.01 2801 1
00349T 0.01 2801 1
00350L 0.01 4001 1
00350T 0.01 4001 1
00351L 0.01 4001 1
00351T 0.01 4001 1
00352L 0.01 4001 1
00352T 0.01 4001 1
00353L 0.01 4001 1
00353T 0.01 4001 1
00354L 0.01 4001 1
00354T 0.01 4001 1
00355L 0.01 4001 1
00355T 0.01 4001 1
00356L 0.01 4001 1
00356T 0.01 4001 1
00357L 0.01 2401 1
00357T 0.01 2401 1
00358L 0.01 3401 1
00358T 0.01 3401 1
00359L 0.01 4001 1
00359T 0.01 4001 1
00361L 0.01 4001 1
00362L 0.01 3001 1
00362T 0.01 3001 1
00363L 0.01 4001 1
00363T 0.01 4001 1
00364L 0.01 3001 1
00364T 0.01 3001 1
00365L 0.01 4001 1
00366L 0.01 4001 1
00366T 0.01 4001 1
00367L 0.005 7993 1
00367T 0.005 7993 1
00368L 0.005 7993 1
00368T 0.005 7993 1
00369L 0.01 3001 1
00369T 0.01 3001 1
00436L 0.01 3509 1
00436T 0.01 3509 1
00437L 0.01 3239 1
00437T 0.01 3239 1
00438L 0.01 2365 1
00438T 0.01 2365 1
00439L 0.01 3971 1
00439T 0.01 3971 1
00440L 0.02 1553 1
00440T 0.02 1553 1
00441L 0.02 1506 1
00441T 0.02 1506 1
00446L 0.005 5601 1
00446T 0.005 5601 1
00447L 0.005 11990 1
00447T 0.005 11990 1
00448L 0.005 5666 1
00448T 0.005 5666 1
00449L 0.005 7201 1
00449T 0.005 7201 1
00450L 0.005 7201 1
00450T 0.005 7201 1
00451L 0.005 5992 1
00451T 0.005 5992 1
00452L 0.005 7201 1
00452T 0.005 7201 1
00454L 0.005 5997 1
00454T 0.005 5997 1
00455L 0.005 5997 1
00455T 0.005 5997 1
00456L 0.005 5997 1
00456T 0.005 5997 1
00457L 0.005 7997 1
00457T 0.005 7997 1
00458L 0.005 7997 1
00458T 0.005 7997 1
00459L 0.005 5997 1
00459T 0.005 5997 1
00460L 0.005 5997 1
00460T 0.005 5997 1
00461L 0.005 7997 1
00461T 0.005 7997 1
00462L 0.005 5666 1
00462T 0.005 5666 1
00463L 0.005 5373 1
00463T 0.005 5373 1
00464L 0.005 7998 1
00464T 0.005 7998 1
00465L 0.005 7998 1
00465T 0.005 7998 1
00466L 0.005 7998 1
00466T 0.005 7998 1
00467L 0.005 5719 1
00467T 0.005 5719 1
00470L 0.005 5601 1
00470T 0.005 5601 1
00471L 0.005 5666 1
00471T 0.005 5666 1
00472L 0.005 5666 1
00472T 0.005 5666 1
00474L 0.005 7998 1
00480L 0.0024 6558 1
00480T 0.0024 6558 1
00495L 0.005 4114 1
00495T 0.005 4114 1
00496L 0.005 3992 1
00496T 0.005 3992 1
00497L 0.005 3820 1
00497T 0.005 3820 1
00514L 0.005 4112 1
00514T 0.005 4112 1
00518L 0.005 4028 1
00518T 0.005 4028 1
00520L 0.005 7996 1
00520T 0.005 7996 1
00522L 0.005 6001 1
00522T 0.005 6001 1
00527L 0.005 4033 1
00527T 0.005 4033 1
00529L 0.005 4007 1
00529T 0.005 4007 1
00530L 0.005 6001 1
00530T 0.005 6001 1
00531L 0.005 6401 1
00531T 0.005 6401 1
00532L 0.005 8002 1
00532T 0.005 8002 1
00535L 0.005 8001 1
00535T 0.005 8001 1
00540L 0.005 4007 1
00540T 0.005 4007 1
00543L 0.005 7994 1
00543T 0.005 7994 1
00544L 0.005 7985 1
00544T 0.005 7985 1
00546L 0.005 8000 1
00546T 0.005 8000 1
00547L 0.005 7974 1
00547T 0.005 7974 1
00548L 0.005 7997 1
00548T 0.005 7997 1
00549L 0.005 7997 1
00549T 0.005 7997 1
00550L 0.005 7997 1
00550T 0.005 7997 1
00551L 0.005 7997 1
00551T 0.005 7997 1
00553L 0.005 4397 1
00553T 0.005 4397 1
00554L 0.005 4397 1
00554T 0.005 4397 1
00556L 0.005 4030 1
00556T 0.005 4030 1
00558L 0.005 7997 1
00558T 0.005 7997 1
00568L 0.005 1806 1
00568T 0.005 1806 1
00569L 0.005 4053 1
00569T 0.005 4053 1
00595L 0.02 1716 1
00595T 0.02 1716 1
00599L 0.02 1382 1
00602L 0.02 1868 1
00602T 0.02 1868 1
00604L 0.02 1865 1
00604T 0.02 1865 1
00608L 0.02 1486 1
00608T 0.02 1486 1
00611L 0.02 1560 1
00611T 0.02 1560 1
00614L 0.02 1432 1
00614T 0.02 1432 1
00615L 0.005 8000 1
00615T 0.005 8000 1
00618L 0.02 1461 1
00618T 0.02 1461 1
00619L 0.005 5201 1
00619T 0.005 5201 1
00624L 0.005 7999 1
00624T 0.005 7999 1
00626L 0.005 8000 1
00626T 0.005 8000 1
00628L 0.02 1388 1
00628T 0.02 1388 1
00630L 0.005 7991 1
00630T 0.005 7991 1
00632L 0.02 998 1
00632T 0.02 998 1
00633L 0.02 1582 1
00633T 0.02 1582 1
00634L 0.02 1603 1
00634T 0.02 1603 1
00637L 0.02 1744 1
00637T 0.02 1744 1
00638L 0.02 1588 1
00638T 0.02 1588 1
00641L 0.02 1537 1
00641T 0.02 1537 1
00642L 0.02 1598 1
00642T 0.02 1598 1
00645L 0.02 1607 1
00645T 0.02 1607 1
00647L 0.005 7999 1
00647T 0.005 7999 1
00649L 0.02 1355 1
00649T 0.02 1355 1
00652L 0.02 1489 1
00652T 0.02 1489 1
00664L 0.02 1999 1
00664T 0.02 1999 1
00667L 0.02 2001 1
00667T 0.02 2001 1
00668L 0.005 6038 1
00668T 0.005 6038 1
00672L 0.02 1518 1
00672T 0.02 1518 1
00673L 0.02 1629 1
00673T 0.02 1629 1
00675L 0.005 6400 1
00675T 0.005 6400 1
00677L 0.005 4400 1
00677T 0.005 4400 1
00678L 0.005 6400 1
00678T 0.005 6400 1
00683L 0.02 1502 1
00683T 0.02 1502 1
00694L 0.02 1622 1
00694T 0.02 1622 1
00695L 0.02 1931 1
00695T 0.02 1931 1
00697L 0.02 1739 1
00697T 0.02 1739 1
00699L 0.02 1281 1
00699T 0.02 1281 1
00701L 0.02 1148 1
00701T 0.02 1148 1
00702L 0.02 1835 1
00702T 0.02 1835 1
00705L 0.02 1437 1
00705T 0.02 1437 1
00718L 0.005 5962 1
00718T 0.005 5962 1
00719L 0.01 2213 1
00719T 0.01 2198 1
00720L 0.01 2226 1
00720T 0.01 2212 1
00721L 0.005 8001 1
00721T 0.005 8001 1
00722L 0.01 2206 1
00722T 0.01 2199 1
00723L 0.01 2236 1
00723T 0.01 2232 1
00724L 0.01 2215 1
00724T 0.01 2224 1
00725L 0.01 2231 1
00725T 0.01 2231 1
00726L 0.01 2190 1
00726T 0.01 2235 1
00727L 0.01 2222 1
00727T 0.01 2222 1
00728L 0.005 8001 1
00728T 0.005 8001 1
00729L 0.005 8801 1
00729T 0.005 8801 1
00731L 0.005 7991 1
00731T 0.005 7991 1
00732L 0.005 7166 1
00732T 0.005 7166 1
00733L 0.005 7991 1
00733T 0.005 7991 1
00734L 0.005 7991 1
00734T 0.005 7991 1
00735L 0.005 7991 1
00735T 0.005 7991 1
00736L 0.005 7802 1
00736T 0.005 7802 1
00737L 0.005 8001 1
00737T 0.005 8001 1
00738L 0.005 5920 1
00738T 0.005 5917 1
00739L 0.005 7922 1
00739T 0.005 7922 1
00740L 0.005 7799 1
00740T 0.005 7799 1
00741L 0.005 4994 1
00741T 0.005 4994 1
00742L 0.005 5912 1
00742T 0.005 5922 1
00743L 0.005 7970 1
00743T 0.005 7972 1
00744L 0.005 7817 1
00744T 0.005 7820 1
00745L 0.005 7866 1
00745T 0.005 7865 1
00746L 0.005 5919 1
00746T 0.005 5925 1
00747L 0.005 5940 1
00747T 0.005 5954 1
00748L 0.005 7990 1
00748T 0.005 7990 1
00749L 0.005 5930 1
00749T 0.005 5931 1
00750L 0.005 7991 1
00750T 0.005 7991 1
00751L 0.005 7820 1
00751T 0.005 7809 1
00752L 0.005 7992 1
00752T 0.005 7992 1
00753L 0.005 7990 1
00753T 0.005 7990 1
00754L 0.005 7991 1
00754T 0.005 7991 1
00755L 0.005 7992 1
00755T 0.005 7992 1
00756L 0.005 6000 1
00756T 0.005 6007 1
00757L 0.02 3251 1
00757T 0.02 3251 1
00758L 0.005 7843 1
00758T 0.005 7842 1
00759L 0.005 12000 1
00759T 0.005 12000 1
00761L 0.005 7950 1
00761T 0.005 7950 1
00762L 0.005 7991 1
00762T 0.005 7991 1
00763L 0.005 7992 1
00763T 0.005 7992 1
00764L 0.005 7992 1
00764T 0.005 7992 1
00765L 0.005 7990 1
00765T 0.005 7990 1
00766L 0.005 7991 1
00766T 0.005 7991 1
00767L 0.005 7990 1
00767T 0.005 7990 1
00768L 0.005 7991 1
00768T 0.005 7991 1
00769L 0.005 7992 1
00769T 0.005 7992 1
00770L 0.005 7991 1
00770T 0.005 7991 1
00771L 0.005 7616 1
00771T 0.005 7616 1
00772L 0.005 7991 1
00772T 0.005 7991 1
00773L 0.005 7991 1
00773T 0.005 7991 1
00774L 0.005 7842 1
00774T 0.005 7878 1
00775L 0.005 5925 1
00775T 0.005 5925 1
00776L 0.005 11992 1
00776T 0.005 11992 1
00777L 0.005 7819 1
00777T 0.005 7819 1
00778L 0.005 7929 1
00778T 0.005 7929 1
00779L 0.005 4994 1
00779T 0.005 4994 1
00780L 0.005 7804 1
00780T 0.005 7815 1
00781L 0.02 2001 1
00781T 0.02 2001 1
00782L 0.005 7991 1
00782T 0.005 7991 1
00783L 0.02 2001 1
00783T 0.02 2001 1
00784L 0.005 7991 1
00784T 0.005 7991 1
00785L 0.02 2001 1
00785T 0.02 2002 1
00786L 0.005 8001 1
00786T 0.005 8001 1
00787L 0.005 7916 1
00787T 0.005 7916 1
00788L 0.005 7992 1
00788T 0.005 7992 1
00789L 0.005 7991 1
00789T 0.005 7991 1
00790L 0.005 7990 1
00790T 0.005 7990 1
00791L 0.005 7991 1
00791T 0.005 7991 1
00792L 0.005 6005 1
00792T 0.005 6002 1
00793L 0.005 7991 1
00793T 0.005 7991 1
00794L 0.005 7990 1
00794T 0.005 7990 1
00795L 0.005 5601 1
00795T 0.005 5601 1
00796L 0.005 7991 1
00796T 0.005 7991 1
00797L 0.005 7991 1
00797T 0.005 7991 1
00798L 0.005 3201 1
00798T 0.005 3201 1
00799L 0.005 7991 1
00799T 0.005 7991 1
00800L 0.005 7991 1
00800T 0.005 7991 1
00801L 0.02 2502 1
00801T 0.02 2502 1
00802L 0.005 7992 1
00802T 0.005 7992 1
00803L 0.005 7991 1
00803T 0.005 7991 1
00804L 0.005 7999 1
00804T 0.005 7999 1
00805L 0.005 8140 1
00806L 0.005 7851 1
00806T 0.005 7851 1
00807L 0.005 7827 1
00807T 0.005 7822 1
00808L 0.005 7992 1
00808T 0.005 7992 1
00809L 0.005 4994 1
00809T 0.005 4994 1
00810L 0.005 7991 1
00810T 0.005 7991 1
00811L 0.005 4994 1
00811T 0.005 4994 1
00812L 0.005 7991 1
00812T 0.005 7991 1
00813L 0.005 7991 1
00813T 0.005 7991 1
00821L 0.005 4263 1
00821T 0.005 4157 1
00825L 0.02 1501 1
00825T 0.02 1501 1
00826L 0.02 2201 1
00826T 0.02 2201 1
00827L 0.02 2201 1
00827T 0.02 2201 1
00828L 0.02 1801 1
00828T 0.02 1801 1
00829L 0.02 1801 1
00829T 0.02 1801 1
00832L 0.02 2501 1
00832T 0.02 2501 1
00833L 0.02 2532 1
00833T 0.02 2532 1
00834L 0.02 2307 1
00834T 0.02 2307 1
00835L 0.02 2955 1
00835T 0.02 2955 1
00836L 0.02 2501 1
00836T 0.02 2501 1
00837L 0.02 1716 1
00837T 0.02 1716 1
00838L 0.02 2001 1
00838T 0.02 2001 1
00839L 0.02 2422 1
00839T 0.02 2422 1
00840L 0.02 2556 1
00840T 0.02 2556 1
00841L 0.02 2001 1
00841T 0.02 2001 1
00842L 0.02 2932 1
00842T 0.02 2932 1
00843L 0.02 1760 1
00843T 0.02 1760 1
00844L 0.02 2731 1
00844T 0.02 2731 1
00845L 0.02 2331 1
00845T 0.02 2331 1
00846L 0.02 3052 1
00846T 0.02 3052 1
00847L 0.02 2316 1
00847T 0.02 2316 1
00848L 0.0025 11187 1
00848T 0.0025 11187 1
00849L 0.02 2791 1
00849T 0.02 2791 1
00850L 0.02 2501 1
00850T 0.02 2501 1
00851L 0.02 3501 1
00851T 0.02 3501 1
00852L 0.02 1849 1
00852T 0.02 1849 1
00853L 0.02 1972 1
00853T 0.02 1972 1
00854L 0.02 2201 1
00854T 0.02 2201 1
00855L 0.02 2001 1
00855T 0.02 2001 1
00856L 0.02 2621 1
00856T 0.02 2621 1
00857L 0.02 2836 1
00857T 0.02 2836 1
00858L 0.02 2839 1
00858T 0.02 2839 1
00859L 0.02 3132 1
00859T 0.02 3132 1
00860L 0.02 2801 1
00860T 0.02 2801 1
00861L 0.02 2103 1
00861T 0.02 2103 1
00862L 0.02 3001 1
00862T 0.02 3001 1
00863L 0.02 3501 1
00863T 0.02 3501 1
00864L 0.02 2201 1
00864T 0.02 2201 1
00865L 0.02 3501 1
00865T 0.02 3501 1
00866L 0.02 2405 1
00866T 0.02 2405 1
00867L 0.02 3040 1
00867T 0.02 3040 1
00870L 0.02 3501 1
00870T 0.02 3501 1
00871L 0.02 2135 1
00871T 0.02 2135 1
00872L 0.02 2875 1
00872T 0.02 2875 1
00873L 0.02 2399 1
00873T 0.02 2399 1
00874L 0.02 2633 1
00874T 0.02 2633 1
00876L 0.02 2167 1
00876T 0.02 2167 1
00877L 0.02 2570 1
00877T 0.02 2570 1
00878L 0.02 2549 1
00878T 0.02 2549 1
00879L 0.005 9626 1
00879T 0.005 9626 1
00880L 0.005 14001 1
00880T 0.005 14001 1
00881L 0.005 14001 1
00881T 0.005 14001 1
00882L 0.005 14001 1
00882T 0.005 14001 1
00883L 0.02 2819 1
00883T 0.02 2819 1
00884L 0.02 3001 1
00884T 0.02 3001 1
00885L 0.02 2751 1
00885T 0.02 2751 1
00886L 0.02 3251 1
00886T 0.02 3251 1
00887L 0.02 2501 1
00887T 0.02 2501 1
00888L 0.01 12001 1
00888T 0.01 12001 1
00889L 0.02 2305 1
00889T 0.02 2305 1
00890L 0.02 2857 1
00890T 0.02 2857 1
00891L 0.02 2751 1
00891T 0.02 2751 1
00892L 0.02 2994 1
00892T 0.02 2994 1
00894L 0.02 3199 1
00894T 0.02 3199 1
00895L 0.02 3001 1
00895T 0.02 3001 1
00896L 0.02 2298 1
00896T 0.02 2298 1
00897L 0.02 2501 1
00897T 0.02 2501 1
00898L 0.02 2774 1
00898T 0.02 2774 1
00899L 0.02 2400 1
00899T 0.02 2400 1
00900L 0.02 2201 1
00900T 0.02 2201 1
00942L 0.02 3001 1
00942T 0.02 3001 1
00943L 0.02 2001 1
00943T 0.02 2001 1
00944L 0.01 3500 1
00944T 0.01 3500 1
00945L 0.01 4001 1
00945T 0.01 4001 1
00946L 0.02 1401 1
00946T 0.02 1401 1
00947L 0.01 3500 1
00947T 0.01 3500 1
00948L 0.01 3500 1
00948T 0.01 3500 1
00949L 0.02 2001 1
00949T 0.02 2001 1
00950L 0.01 3491 1
00950T 0.01 3491 1
00951L 0.01 3500 1
00951T 0.01 3500 1
00952L 0.01 2399 1
00952T 0.01 2399 1
00953L 0.01 3000 1
00953T 0.01 3000 1
00954L 0.01 3000 1
00954T 0.01 3000 1
00955L 0.01 3500 1
00955T 0.01 3500 1
00956L 0.01 3500 1
00956T 0.01 3500 1
00957L 0.01 3000 1
00957T 0.01 3000 1
00958L 0.02 3251 1
00958T 0.02 3251 1
00959L 0.01 2500 1
00959T 0.01 2500 1
00960L 0.01 2000 1
00960T 0.01 2000 1
00961L 0.01 3500 1
00961T 0.01 3500 1
00962L 0.01 4000 1
00962T 0.01 4000 1
00963L 0.02 2001 1
00963T 0.02 2001 1
00964L 0.01 3980 1
00964T 0.01 3980 1
00965L 0.01 4000 1
00965T 0.01 4000 1
00966L 0.01 3500 1
00966T 0.01 3500 1
00967L 0.01 3500 1
00967T 0.01 3500 1
00968L 0.02 2001 1
00968T 0.02 2001 1
00969L 0.01 3000 1
00969T 0.01 3000 1
00970L 0.01 3500 1
00970T 0.01 3500 1
00971L 0.01 4001 1
00971T 0.01 4001 1
00972L 0.02 2001 1
00972T 0.02 2001 1
00973L 0.01 3500 1
00973T 0.01 3500 1
00974L 0.01 3000 1
00974T 0.01 3000 1
00977L 0.01 6001 1
00977T 0.01 6001 1
00978L 0.01 3500 1
00978T 0.01 3500 1
00979L 0.01 3689 1
00979T 0.01 3689 1
00980L 0.02 2401 1
00980T 0.02 2401 1
00981L 0.02 1801 1
00981T 0.02 1801 1
00982L 0.02 1223 1
00982T 0.02 1223 1
00983L 0.005 5728 1
00983T 0.005 5728 1
00984L 0.02 2001 1
00984T 0.02 2001 1
00985L 0.02 2001 1
00985T 0.02 2001 1
00986L 0.005 5747 1
00986T 0.005 5748 1
00987L 0.01 3000 1
00987T 0.01 3000 1
00988L 0.02 2001 1
00988T 0.02 2001 1
00989L 0.01 3108 1
00989T 0.01 3108 1
00990L 0.01 4001 1
00990T 0.01 4001 1
00991L 0.01 2956 1
00991T 0.01 2956 1
00992L 0.01 3000 1
00992T 0.01 3000 1
00993L 0.01 3000 1
00993T 0.01 3000 1
00994L 0.01 9387 1
00994T 0.01 9387 1
00995L 0.02 2001 1
00995T 0.02 2001 1
00996L 0.01 3000 1
00996T 0.01 3000 1
00997L 0.01 3000 1
00997T 0.01 3000 1
00998L 0.01 3000 1
00998T 0.01 3000 1
01000L 0.01 4001 1
01000T 0.01 4001 1
01001L 0.01 3000 1
01001T 0.01 3000 1
01002L 0.01 3744 1
01002T 0.01 3744 1
01003L 0.01 3160 1
01003T 0.01 3160 1
01004L 0.02 1221 1
01004T 0.02 1221 1
01005L 0.01 4001 1
01005T 0.01 4001 1
01006L 0.02 3001 1
01006T 0.02 3001 1
01007L 0.01 4001 1
01007T 0.01 4001 1
01008L 0.01 4000 1
01008T 0.01 4000 1
01009L 0.01 11066 1
01009T 0.01 11066 1
01010L 0.01 11033 1
01010T 0.01 11033 1
01011L 0.01 3000 1
01011T 0.01 3000 1
01012L 0.01 6003 1
01012T 0.01 6003 1
01013L 0.005 5316 1
01013T 0.005 5316 1
01014L 0.02 2501 1
01014T 0.02 2501 1
01015L 0.02 2001 1
01015T 0.02 2001 1
01016L 0.01 3000 1
01016T 0.01 3000 1
01017L 0.01 3500 1
01017T 0.01 3500 1
01019L 0.02 1601 1
01019T 0.02 1601 1
01020L 0.01 4001 1
01020T 0.01 4001 1
01021L 0.02 1601 1
01021T 0.02 1601 1
01022L 0.02 1601 1
01022T 0.02 1601 1
01023L 0.02 2001 1
01023T 0.02 2001 1
01024L 0.01 3537 1
01024T 0.01 3537 1
01025L 0.02 3001 1
01025T 0.02 3001 1
01026L 0.01 4000 1
01026T 0.01 4000 1
01027L 0.02 1601 1
01027T 0.02 1601 1
01028L 0.02 1601 1
01028T 0.02 1601 1
01029L 0.02 1601 1
01029T 0.02 1601 1
01030L 0.02 1601 1
01030T 0.02 1601 1
01031L 0.02 1601 1
01031T 0.02 1601 1
01032L 0.02 1601 1
01032T 0.02 1601 1
01033L 0.01 4001 1
01033T 0.01 4001 1
01034L 0.02 2001 1
01034T 0.02 2001 1
01035L 0.01 3500 1
01035T 0.01 3500 1
01036L 0.02 2001 1
01036T 0.02 2001 1
01037L 0.02 1801 1
01037T 0.02 1801 1
01038L 0.01 2184 1
01038T 0.01 2184 1
01039L 0.02 2001 1
01039T 0.02 2001 1
01040L 0.01 4001 1
01040T 0.01 4001 1
01041L 0.02 2001 1
01041T 0.02 2001 1
01042L 0.01 2193 1
01042T 0.01 2193 1
01043L 0.01 4801 1
01043T 0.01 4801 1
01044L 0.02 2001 1
01044T 0.02 2001 1
01045L 0.01 2500 1
01045T 0.01 2500 1
01046L 0.02 2001 1
01046T 0.02 2001 1
01047L 0.01 5201 1
01047T 0.01 5201 1
01048L 0.01 3000 1
01048T 0.01 3000 1
01049L 0.01 2500 1
01049T 0.01 2500 1
01050L 0.02 1001 1
01050T 0.02 1001 1
01051L 0.02 2001 1
01051T 0.02 2001 1
01052L 0.02 2001 1
01052T 0.02 2001 1
01053L 0.01 6001 1
01053T 0.01 6001 1
01055L 0.01 1992 1
01055T 0.01 1992 1
01056L 0.01 6001 1
01056T 0.01 6001 1
01057L 0.01 3601 1
01057T 0.01 3601 1
01058L 0.02 1601 1
01058T 0.02 1601 1
01059L 0.02 2001 1
01059T 0.02 2001 1
01060L 0.01 4001 1
01060T 0.01 4001 1
01061L 0.02 1801 1
01061T 0.02 1801 1
01062L 0.01 3500 1
01062T 0.01 3500 1
01063L 0.005 2991 1
01063T 0.005 2991 1
01064L 0.02 1301 1
01064T 0.02 1301 1
01065L 0.02 3001 1
01065T 0.02 3001 1
01066L 0.02 1601 1
01066T 0.02 1601 1
01067L 0.01 4001 1
01067T 0.01 4001 1
01068L 0.01 11005 1
01068T 0.01 11005 1
01069L 0.01 4001 1
01069T 0.01 4001 1
01070L 0.01 3500 1
01070T 0.01 3500 1
01071L 0.01 6001 1
01071T 0.01 6001 1
01073L 0.02 1601 1
01073T 0.02 1601 1
01074L 0.01 4001 1
01074T 0.01 4001 1
01075L 0.02 2001 1
01075T 0.02 2001 1
01076L 0.01 3500 1
01076T 0.01 3500 1
01077L 0.02 2001 1
01077T 0.02 2001 1
01078L 0.02 1208 1
01078T 0.02 1208 1
01079L 0.01 4001 1
01079T 0.01 4001 1
01081L 0.01 4001 1
01081T 0.01 4001 1
01082L 0.01 3029 1
01082T 0.01 3029 1
01083L 0.01 3000 1
01083T 0.01 3000 1
01084L 0.005 8001 1
01084T 0.005 8001 1
01085L 0.005 8001 1
01085T 0.005 8001 1
01086L 0.02 2001 1
01086T 0.02 2001 1
01087L 0.02 2001 1
01087T 0.02 2001 1
01088L 0.01 3500 1
01088T 0.01 3500 1
01089L 0.01 5737 1
01089T 0.01 5738 1
01091L 0.02 2001 1
01091T 0.02 2001 1
01092L 0.02 3251 1
01092T 0.02 3251 1
01093L 0.01 3000 1
01093T 0.01 3000 1
01094L 0.01 3649 1
01094T 0.01 3649 1
01096L 0.01 6001 1
01096T 0.01 6001 1
01097L 0.01 6001 1
01097T 0.01 6001 1
01098L 0.01 4001 1
01098T 0.01 4001 1
01100L 0.01 14001 1
01100T 0.01 14001 1
01101L 0.01 5401 1
01101T 0.01 5401 1
01102L 0.01 5401 1
01102T 0.01 5401 1
01103L 0.02 3901 1
01103T 0.02 3901 1
01104L 0.01 8001 1
01104T 0.01 8001 1
01105L 0.02 3901 1
01105T 0.02 3901 1
01106L 0.02 2401 1
01106T 0.02 2401 1
01107L 0.01 4097 1
01107T 0.01 4097 1
01108L 0.01 3201 1
01108T 0.01 3201 1
01109L 0.02 3901 1
01109T 0.02 3901 1
01110L 0.01 19807 1
01110T 0.01 19807 1
01111L 0.01 4097 1
01111T 0.01 4097 1
01112L 0.02 3901 1
01112T 0.02 3901 1
01113L 0.02 6001 1
01113T 0.02 6001 1
01114L 0.01 4201 1
01114T 0.01 4201 1
01115L 0.01 19807 1
01115T 0.01 19807 1
01116L 0.01 4097 1
01116T 0.01 4097 1
01117L 0.02 3901 1
01117T 0.02 3901 1
01118L 0.01 14001 1
01118T 0.01 14001 1
01119L 0.01 4097 1
01119T 0.01 4097 1
01120L 0.01 4097 1
01120T 0.01 4097 1
01121L 0.01 8904 1
01121T 0.01 8904 1
01127L 0.005 9938 1
01127T 0.005 9938 1
01136L 0.0078 3485 1
01136T 0.0078 3485 1
01140L 0.0039 36341 1
01140T 0.0039 36341 1
01141L 0.005 5596 1
01141T 0.005 5596 1
01143L 0.0078 3502 1
01143T 0.0078 3502 1
01144L 0.005 12001 1
01144T 0.005 12001 1
01145L 0.005 12001 1
01145T 0.005 12001 1
01147L 0.005 30082 1
01147T 0.005 30082 1
01148L 0.005 6001 1
01148T 0.005 6001 1
01149L 0.005 26625 1
01149T 0.005 26625 1
01151L 0.01 12441 1
01151T 0.01 12441 1
01152L 0.01 12277 1
01152T 0.01 12277 1
01153L 0.005 20348 1
01153T 0.005 20348 1
01154L 0.01 14079 1
01154T 0.01 14079 1
01155L 0.005 27712 1
01155T 0.005 27712 1
01156L 0.01 16560 1
01156T 0.01 16560 1
01157L 0.005 29811 1
01157T 0.005 29811 1
01158L 0.005 5438 1
01158T 0.005 5438 1
01159L 0.005 5114 1
01159T 0.005 5114 1
01160L 0.005 30599 1
01160T 0.005 30599 1
01161L 0.005 5601 1
01161T 0.005 5601 1
01162L 0.005 5097 1
01162T 0.005 5097 1
01163L 0.005 21324 1
01163T 0.005 21324 1
01164L 0.01 13880 1
01164T 0.01 13880 1
01165L 0.005 6001 1
01165T 0.005 6001 1
01166L 0.005 6001 1
01166T 0.005 6001 1
01167L 0.01 18584 1
01167T 0.01 18584 1
01168L 0.0078 20900 1
01168T 0.0078 20900 1
01169L 0.005 25601 1
01169T 0.005 25601 1
01170L 0.005 8801 1
01170T 0.005 8801 1
01171T 0.01 6001 1
01172L 0.01 5144 1
01172T 0.01 5144 1
01175L 0.01 12993 1
01175T 0.01 12993 1
01176L 0.005 7001 1
01176T 0.005 7001 1
01177L 0.005 25857 1
01177T 0.005 25857 1
01599L 0.005 17239 1
01599T 0.005 17239 1
01600L 0.005 10280 1
01600T 0.005 10280 1
01601L 0.005 11560 1
01601T 0.005 11560 1
01602L 0.01 5591 1
01602T 0.01 5591 1
01603L 0.005 18564 1
01603T 0.005 18564 1
01604L 0.005 15436 1
01604T 0.005 15436 1
01605L 0.005 5178 1
01605T 0.005 5178 1
01606L 0.005 17343 1
01606T 0.005 17343 1
01608L 0.005 14026 1
01608T 0.005 14026 1
01609L 0.005 14692 1
01609T 0.005 14692 1
01610L 0.01 14913 1
01610T 0.01 14913 1
01611L 0.01 3902 1
01611T 0.01 3902 1
01612L 0.01 4068 1
01612T 0.01 4068 1
01613L 0.01 4400 1
01613T 0.01 4400 1
01614L 0.01 4234 1
01614T 0.01 4234 1
01615L 0.01 4234 1
01615T 0.01 4234 1
01616L 0.01 4317 1
01616T 0.01 4317 1
01617L 0.01 4151 1
01617T 0.01 4151 1
01618L 0.01 4151 1
01618T 0.01 4151 1
01619L 0.005 5766 1
01619T 0.005 5766 1
01620L 0.01 6001 1
01620T 0.01 6001 1
01621L 0.005 14496 1
01621T 0.005 14496 1
01625L 0.005 4817 1
01625T 0.005 4831 1
01626L 0.005 11019 1
01626T 0.005 11008 1
01627L 0.01 2822 1
01627T 0.01 2838 1
01628L 0.005 12354 1
01628T 0.005 12378 1
01629L 0.005 16595 1
01629T 0.005 16646 1
01633L 0.02 2677 1
01633T 0.02 2301 1
01634L 0.01 2951 1
01634T 0.01 2950 1
01635L 0.01 4889 1
01636L 0.01 6044 1
01636T 0.01 6043 1
01637L 0.01 5221 1
01637T 0.01 5219 1
01638L 0.01 993 1
01638T 0.01 993 1
01639L 0.01 1757 1
01639T 0.01 1757 1
01640L 0.01 3546 1
01640T 0.01 3551 1
01643L 0.01 6502 1
01643T 0.01 6502 1
01646L 0.005 4696 1
01646T 0.005 4688 1
01740L 0.005 22349 1
01740T 0.005 22349 1
01741L 0.005 26429 1
01741T 0.005 26429 1
01742L 0.005 32322 1
01742T 0.005 32322 1
01743L 0.005 34079 1
01743T 0.005 34079 1
01744L 0.005 17978 1
01744T 0.005 17978 1
01745L 0.005 19253 1
01745T 0.005 19253 1
01746L 0.005 22313 1
01746T 0.005 22313 1
01747L 0.005 15046 1
01747T 0.005 15046 1
01759L 0.005 6601 1
01759T 0.005 6601 1
01760L 0.005 11401 1
01760T 0.005 11401 1
01761L 0.01 7601 1
01761T 0.01 7601 1
01762L 0.02 3001 1
01762T 0.02 3001 1
01763L 0.005 8801 1
01763T 0.005 8801 1
01764L 0.005 14401 1
01764T 0.005 14401 1
01765L 0.01 8901 1
01765T 0.01 8901 1
01766L 0.02 3002 1
01766T 0.02 3002 1
01767L 0.01 6785 1
01767T 0.01 6785 1
01768L 0.02 3001 1
01768T 0.02 3001 1
01769L 0.005 16200 1
01769T 0.005 16200 1
01770L 0.01 5001 1
01770T 0.01 5001 1
01771L 0.005 12984 1
01771T 0.005 12992 1
01772L 0.005 16200 1
01772T 0.005 16200 1
01773L 0.005 11001 1
01773T 0.005 11001 1
01774L 0.005 16200 1
01775L 0.01 8601 1
01775T 0.01 8601 1
01776L 0.01 5001 1
01776T 0.01 5001 1
01777L 0.005 9401 1
01777T 0.005 9401 1
01778L 0.01 8401 1
01778T 0.01 8401 1
01779L 0.005 15968 1
01779T 0.005 15992 1
01780L 0.01 7701 1
01780T 0.01 7701 1
01781L 0.005 7384 1
01781T 0.005 7352 1
01782L 0.005 24941 1
01782T 0.005 24941 1
01783L 0.02 3001 1
01783T 0.02 3001 1
01784L 0.01 10001 1
01784T 0.01 10001 1
01785L 0.005 9221 1
01785T 0.005 9221 1
01786L 0.01 6001 1
01786T 0.01 6001 1
01787L 0.01 4532 1
01787T 0.01 4532 1
01788L 0.01 8301 1
01788T 0.01 8301 1
01789L 0.01 6001 1
01789T 0.01 6001 1
01790L 0.01 9801 1
01790T 0.01 9801 1
01791L 0.02 3002 1
01791T 0.02 3002 1
01792L 0.01 10001 1
01792T 0.01 10001 1
01793L 0.005 8968 1
01793T 0.005 8896 1
01794L 0.01 5001 1
01794T 0.01 5001 1
01795L 0.01 7169 1
01795T 0.01 7169 1
01796L 0.01 9601 1
01796T 0.01 9601 1
01797L 0.01 10001 1
01797T 0.01 10001 1
01798L 0.01 7801 1
01798T 0.01 7801 1
01799L 0.01 8001 1
01799T 0.01 8001 1
01800L 0.01 6001 1
01800T 0.01 6001 1
01801L 0.01 6001 1
01801T 0.01 6001 1
01802L 0.005 16200 1
01802T 0.005 16200 1
01803L 0.01 12001 1
01803T 0.01 12001 1
01804L 0.005 10401 1
01804T 0.005 10385 1
01805L 0.01 8301 1
01805T 0.01 8301 1
01806L 0.005 9737 1
01806T 0.005 9793 1
01807L 0.005 13000 1
01807T 0.005 13000 1
01808L 0.005 10969 1
01808T 0.005 11001 1
01809L 0.005 11201 1
01809T 0.005 11201 1
01810L 0.01 6001 1
01810T 0.01 6001 1
01811L 0.005 11801 1
01811T 0.005 11801 1
01812L 0.005 11001 1
01812T 0.005 11001 1
01813L 0.005 21601 1
01813T 0.005 21601 1
01814L 0.01 6801 1
01814T 0.01 6801 1
01815L 0.01 7901 1
01815T 0.01 7901 1
01816L 0.005 18601 1
01816T 0.005 18601 1
01817L 0.01 6001 1
01817T 0.01 6001 1
01818L 0.01 8101 1
01818T 0.01 8101 1
01819L 0.005 12001 1
01819T 0.005 12001 1
01820L 0.01 8321 1
01820T 0.01 8321 1
01821L 0.01 7801 1
01821T 0.01 7801 1
01822L 0.01 6701 1
01822T 0.01 6701 1
01823L 0.01 10001 1
01823T 0.01 10001 1
01824L 0.005 4001 1
01824T 0.005 4001 1
01825L 0.01 6001 1
01825T 0.01 6001 1
01826L 0.005 10001 1
01826T 0.005 10001 1
01827L 0.005 8001 1
01827T 0.005 8001 1
01828L 0.005 11801 1
01828T 0.005 11801 1
01829L 0.005 12382 1
01829T 0.005 12382 1
01830L 0.005 7601 1
01830T 0.005 7601 1
01831L 0.01 7297 1
01831T 0.01 7297 1
01832L 0.005 13401 1
01832T 0.005 13401 1
01833L 0.01 6785 1
01833T 0.01 6785 1
01834L 0.01 7701 1
01834T 0.01 7701 1
01835L 0.01 8301 1
01835T 0.01 8301 1
01836L 0.02 3001 1
01836T 0.02 3001 1
01837L 0.005 12001 1
01837T 0.005 12001 1
01838L 0.005 9801 1
01838T 0.005 9801 1
01839L 0.01 8501 1
01839T 0.01 8501 1
01840L 0.005 13401 1
01840T 0.005 13401 1
01841L 0.01 8193 1
01841T 0.01 8193 1
01842L 0.005 10601 1
01842T 0.005 10601 1
02059L 0.01 10601 1
02059T 0.01 10601 1
02060L 0.005 19401 1
02060T 0.005 19401 1
02061L 0.01 36001 1
02061T 0.01 36001 1
02062L 0.005 37601 1
02062T 0.005 37601 1
02063L 0.005 31401 1
02063T 0.005 31401 1
02064L 0.005 48801 1
02064T 0.005 48801 1
02065L 0.005 47601 1
02065T 0.005 47601 1
02066L 0.005 39401 1
02066T 0.005 39401 1
02067L 0.005 51401 1
02067T 0.005 51401 1
02068L 0.005 47001 1
02068T 0.005 47001 1
02069L 0.005 34801 1
02069T 0.005 34801 1
02070L 0.005 48801 1
02070T 0.005 48801 1
02071L 0.005 43601 1
02071T 0.005 43601 1
02072L 0.005 32001 1
02072T 0.005 32001 1
02073L 0.005 41001 1
02073T 0.005 41001 1
02074L 0.005 34801 1
02074T 0.005 34801 1
02075L 0.005 34001 1
02075T 0.005 34001 1
02076L 0.005 39201 1
02076T 0.005 39201 1
02077L 0.005 34801 1
02077T 0.005 34801 1
02078L 0.005 36401 1
02078T 0.005 36401 1
02079L 0.005 55001 1
02079T 0.005 55001 1
02080L 0.005 60001 1
02080T 0.005 60001 1
02081L 0.005 47401 1
02081T 0.005 47401 1
02082L 0.005 39401 1
02082T 0.005 39401 1
02083L 0.005 13801 1
02083T 0.005 13801 1
02084L 0.005 13601 1
02084T 0.005 13601 1
02085L 0.005 16601 1
02085T 0.005 16601 1
02086L 0.01 36001 1
02086T 0.01 36001 1
02087L 0.01 36001 1
02087T 0.01 36001 1
02088L 0.01 36001 1
02088T 0.01 36001 1
02089L 0.005 37401 1
02089T 0.005 37401 1
02090L 0.005 18801 1
02090T 0.005 18801 1
02091L 0.005 11000 1
02091T 0.005 11000 1
02092L 0.005 11000 1
02092T 0.005 11000 1
02093L 0.005 11000 1
02093T 0.005 11000 1
02094L 0.005 11801 1
02094T 0.005 11801 1
02095L 0.005 34401 1
02095T 0.005 34401 1
02096L 0.01 30001 1
02096T 0.01 30001 1
02097L 0.005 60001 1
02097T 0.005 60001 1
02098L 0.005 56001 1
02098T 0.005 56001 1
02099L 0.005 60001 1
02099T 0.005 60001 1
02100L 0.005 60001 1
02100T 0.005 60001 1
02101L 0.005 58601 1
02101T 0.005 58601 1
02102L 0.005 32601 1
02102T 0.005 32601 1
02103L 0.005 33801 1
02103T 0.005 33801 1
02104L 0.005 37601 1
02104T 0.005 37601 1
02105L 0.01 30001 1
02105T 0.01 30001 1
02106L 0.01 30001 1
02106T 0.01 30001 1
02107L 0.01 8601 1
02107T 0.01 8601 1
02108L 0.005 10001 1
02108T 0.005 10001 1
02109L 0.005 60001 1
02109T 0.005 60001 1
02110L 0.005 46801 1
02110T 0.005 46801 1
02111L 0.01 7305 1
02111T 0.01 7305 1
02112L 0.005 15106 1
02112T 0.005 15106 1
02113L 0.005 32896 1
02113T 0.005 32896 1
02114L 0.005 18420 1
02114T 0.005 18420 1
02115L 0.005 32959 1
02115T 0.005 32959 1
02116L 0.005 20917 1
02116T 0.005 20917 1
02117L 0.005 34001 1
02117T 0.005 34001 1
02118L 0.005 17201 1
02118T 0.005 17201 1
